
OP_DEFINE-SECTION
title
nadh_c0_s01_3s_3m_t500
end-title
end-op_define-section

PARAMETER-SECTION
c38edce2ae8f5624 = -0.11165713500000000458 , ev
c8c05e49a5a6b880 = -0.08884340000000000293 , ev
c4a40eab7a7b07e1 = -0.21710806499999998898 , ev
c0ffebec662379c3 = 3.82365828000000007592 , ev
c0e8ad715de0f7a8 = 0.24221369000000000926 , ev
cb4e26c9a4340ec0 = -0.01159739000000000082 , ev
c8995c1b22a2a56e = -0.02002562999999999913 , ev
c3ff6e92baf6fb5b = 0.11165713500000000458 , ev
cb0c3c00021c45dc = 0.08884340000000000293 , ev
cb448d1559a18a92 = 0.21710806499999998898 , ev
c5a2adc714a62e6d = -0.06455212000000000450 , ev
cb5443beaf3a2c61 = -0.00126105000000000010 , ev
c2c74751340d535a = 0.00544104000000000029 , ev
c9ba0e4c47c118ad = 0.00035644000000000002 , ev
c4800e2d44c47a08 = 0.00991353000000000026 , ev
c6e6e2f9ccccfdb6 = -0.01865553000000000003 , ev
c18b062ea94ff6fb = -0.01139974000000000022 , ev
c981fdba4034bacd = -0.00033338999999999998 , ev
c8e4d028387190b8 = -0.06455212000000000450 , ev
c90974a786e58796 = -0.00126105000000000010 , ev
ce39a5f8c2d88c4c = 0.00544104000000000029 , ev
c2be4da5eaaebd11 = 0.00035644000000000002 , ev
c94949b5405d8ff2 = -0.11165713500000000458 , ev
c2f5cc15e21e334c = -0.08884340000000000293 , ev
c618eb374fd00ad2 = -0.21710806499999998898 , ev
c2ee94423db78f12 = 4.63974848999999966992 , ev
c47bade0f312557b = 0.10784966999999999471 , ev
cc07faab071ca8b7 = -0.14756013000000001156 , ev
c4d5b84c188a72bb = 0.00646423999999999957 , ev
c392c0ff1632a8ae = 0.11165713500000000458 , ev
cd232fb32406595d = 0.08884340000000000293 , ev
c6c76e2473b0a0c2 = 0.21710806499999998898 , ev
cd6a0831a1f0574b = 0.00991353000000000026 , ev
c51bd584a8643fbb = -0.01865553000000000003 , ev
cf1445acc9e8ce94 = -0.01139974000000000022 , ev
c4b3ed8f9c17aa4e = -0.00033338999999999998 , ev
c782ea6e9ae7ce86 = -0.11165713500000000458 , ev
c086be8f4277bc63 = -0.08884340000000000293 , ev
cffd763f637833a5 = -0.21710806499999998898 , ev
c81e0bc432e9597d = 5.00277411999999976899 , ev
cbceec42d746a21e = 0.01956702000000000094 , ev
c5fa6e0ab0dfca74 = -0.17084833999999998744 , ev
c6cc220fdd27e600 = -0.03436714999999999909 , ev
c118633859fb3674 = 0.11165713500000000458 , ev
c19f85727c426f50 = 0.08884340000000000293 , ev
c5ad58139f872217 = 0.21710806499999998898 , ev


end-parameter-section

-----------------------------------------
HAMILTONIAN-SECTION
-----------------------------------------
modes | el | mode1 | mode2 | mode3 
c38edce2ae8f5624 |1 S1&1 |2 dq*dq
c8c05e49a5a6b880 |1 S1&1 |3 dq*dq
c4a40eab7a7b07e1 |1 S1&1 |4 dq*dq
c0ffebec662379c3 |1 S1&1 
c0e8ad715de0f7a8 |1 S1&1 |2 q
cb4e26c9a4340ec0 |1 S1&1 |3 q
c8995c1b22a2a56e |1 S1&1 |4 q
c3ff6e92baf6fb5b |1 S1&1 |2 q*q
cb0c3c00021c45dc |1 S1&1 |3 q*q
cb448d1559a18a92 |1 S1&1 |4 q*q
c5a2adc714a62e6d |1 Z1&2 
cb5443beaf3a2c61 |1 Z1&2 |2 q
c2c74751340d535a |1 Z1&2 |3 q
c9ba0e4c47c118ad |1 Z1&2 |4 q
c4800e2d44c47a08 |1 Z1&3 
c6e6e2f9ccccfdb6 |1 Z1&3 |2 q
c18b062ea94ff6fb |1 Z1&3 |3 q
c981fdba4034bacd |1 Z1&3 |4 q
c8e4d028387190b8 |1 Z2&1 
c90974a786e58796 |1 Z2&1 |2 q
ce39a5f8c2d88c4c |1 Z2&1 |3 q
c2be4da5eaaebd11 |1 Z2&1 |4 q
c94949b5405d8ff2 |1 S2&2 |2 dq*dq
c2f5cc15e21e334c |1 S2&2 |3 dq*dq
c618eb374fd00ad2 |1 S2&2 |4 dq*dq
c2ee94423db78f12 |1 S2&2 
c47bade0f312557b |1 S2&2 |2 q
cc07faab071ca8b7 |1 S2&2 |3 q
c4d5b84c188a72bb |1 S2&2 |4 q
c392c0ff1632a8ae |1 S2&2 |2 q*q
cd232fb32406595d |1 S2&2 |3 q*q
c6c76e2473b0a0c2 |1 S2&2 |4 q*q
cd6a0831a1f0574b |1 Z3&1 
c51bd584a8643fbb |1 Z3&1 |2 q
cf1445acc9e8ce94 |1 Z3&1 |3 q
c4b3ed8f9c17aa4e |1 Z3&1 |4 q
c782ea6e9ae7ce86 |1 S3&3 |2 dq*dq
c086be8f4277bc63 |1 S3&3 |3 dq*dq
cffd763f637833a5 |1 S3&3 |4 dq*dq
c81e0bc432e9597d |1 S3&3 
cbceec42d746a21e |1 S3&3 |2 q
c5fa6e0ab0dfca74 |1 S3&3 |3 q
c6cc220fdd27e600 |1 S3&3 |4 q
c118633859fb3674 |1 S3&3 |2 q*q
c19f85727c426f50 |1 S3&3 |3 q*q
c5ad58139f872217 |1 S3&3 |4 q*q


end-hamiltonian-section

end-operator

