
OP_DEFINE-SECTION
title
nadh_c2_s02_3s_3m_t500
end-title
end-op_define-section

PARAMETER-SECTION
c38edce2ae8f5624 = -0.11269862499999999672 , ev
c8c05e49a5a6b880 = -0.08906527000000000194 , ev
c4a40eab7a7b07e1 = -0.21897319000000001199 , ev
c0ffebec662379c3 = 3.45686931000000008396 , ev
c0e8ad715de0f7a8 = 0.20209288000000000252 , ev
cb4e26c9a4340ec0 = -0.01292094000000000055 , ev
c8995c1b22a2a56e = -0.00400716000000000006 , ev
c3ff6e92baf6fb5b = 0.11269862499999999672 , ev
cb0c3c00021c45dc = 0.08906527000000000194 , ev
cb448d1559a18a92 = 0.21897319000000001199 , ev
c5a2adc714a62e6d = 0.00550841000000000004 , ev
cb5443beaf3a2c61 = 0.00380080000000000001 , ev
c2c74751340d535a = 0.00487863000000000012 , ev
c9ba0e4c47c118ad = 0.00118355000000000001 , ev
c4800e2d44c47a08 = -0.00509980999999999976 , ev
c6e6e2f9ccccfdb6 = -0.00962795999999999964 , ev
c18b062ea94ff6fb = -0.00454632000000000040 , ev
c981fdba4034bacd = 0.00108274000000000000 , ev
c8e4d028387190b8 = 0.00550841000000000004 , ev
c90974a786e58796 = 0.00380080000000000001 , ev
ce39a5f8c2d88c4c = 0.00487863000000000012 , ev
c2be4da5eaaebd11 = 0.00118355000000000001 , ev
c94949b5405d8ff2 = -0.11269862499999999672 , ev
c2f5cc15e21e334c = -0.08906527000000000194 , ev
c618eb374fd00ad2 = -0.21897319000000001199 , ev
c2ee94423db78f12 = 5.59853508000000044120 , ev
c47bade0f312557b = 0.09018009999999999915 , ev
cc07faab071ca8b7 = -0.15210586000000000939 , ev
c4d5b84c188a72bb = 0.03858829999999999899 , ev
c392c0ff1632a8ae = 0.11269862499999999672 , ev
cd232fb32406595d = 0.08906527000000000194 , ev
c6c76e2473b0a0c2 = 0.21897319000000001199 , ev
cd6a0831a1f0574b = -0.00509980999999999976 , ev
c51bd584a8643fbb = -0.00962795999999999964 , ev
cf1445acc9e8ce94 = -0.00454632000000000040 , ev
c4b3ed8f9c17aa4e = 0.00108274000000000000 , ev
c782ea6e9ae7ce86 = -0.11269862499999999672 , ev
c086be8f4277bc63 = -0.08906527000000000194 , ev
cffd763f637833a5 = -0.21897319000000001199 , ev
c81e0bc432e9597d = 4.88802193999999978757 , ev
cbceec42d746a21e = -0.00459681999999999973 , ev
c5fa6e0ab0dfca74 = -0.16653541999999998957 , ev
c6cc220fdd27e600 = -0.02549970999999999835 , ev
c118633859fb3674 = 0.11269862499999999672 , ev
c19f85727c426f50 = 0.08906527000000000194 , ev
c5ad58139f872217 = 0.21897319000000001199 , ev


end-parameter-section

-----------------------------------------
HAMILTONIAN-SECTION
-----------------------------------------
modes | el | mode1 | mode2 | mode3 
c38edce2ae8f5624 |1 S1&1 |2 dq*dq
c8c05e49a5a6b880 |1 S1&1 |3 dq*dq
c4a40eab7a7b07e1 |1 S1&1 |4 dq*dq
c0ffebec662379c3 |1 S1&1 
c0e8ad715de0f7a8 |1 S1&1 |2 q
cb4e26c9a4340ec0 |1 S1&1 |3 q
c8995c1b22a2a56e |1 S1&1 |4 q
c3ff6e92baf6fb5b |1 S1&1 |2 q*q
cb0c3c00021c45dc |1 S1&1 |3 q*q
cb448d1559a18a92 |1 S1&1 |4 q*q
c5a2adc714a62e6d |1 Z1&2 
cb5443beaf3a2c61 |1 Z1&2 |2 q
c2c74751340d535a |1 Z1&2 |3 q
c9ba0e4c47c118ad |1 Z1&2 |4 q
c4800e2d44c47a08 |1 Z1&3 
c6e6e2f9ccccfdb6 |1 Z1&3 |2 q
c18b062ea94ff6fb |1 Z1&3 |3 q
c981fdba4034bacd |1 Z1&3 |4 q
c8e4d028387190b8 |1 Z2&1 
c90974a786e58796 |1 Z2&1 |2 q
ce39a5f8c2d88c4c |1 Z2&1 |3 q
c2be4da5eaaebd11 |1 Z2&1 |4 q
c94949b5405d8ff2 |1 S2&2 |2 dq*dq
c2f5cc15e21e334c |1 S2&2 |3 dq*dq
c618eb374fd00ad2 |1 S2&2 |4 dq*dq
c2ee94423db78f12 |1 S2&2 
c47bade0f312557b |1 S2&2 |2 q
cc07faab071ca8b7 |1 S2&2 |3 q
c4d5b84c188a72bb |1 S2&2 |4 q
c392c0ff1632a8ae |1 S2&2 |2 q*q
cd232fb32406595d |1 S2&2 |3 q*q
c6c76e2473b0a0c2 |1 S2&2 |4 q*q
cd6a0831a1f0574b |1 Z3&1 
c51bd584a8643fbb |1 Z3&1 |2 q
cf1445acc9e8ce94 |1 Z3&1 |3 q
c4b3ed8f9c17aa4e |1 Z3&1 |4 q
c782ea6e9ae7ce86 |1 S3&3 |2 dq*dq
c086be8f4277bc63 |1 S3&3 |3 dq*dq
cffd763f637833a5 |1 S3&3 |4 dq*dq
c81e0bc432e9597d |1 S3&3 
cbceec42d746a21e |1 S3&3 |2 q
c5fa6e0ab0dfca74 |1 S3&3 |3 q
c6cc220fdd27e600 |1 S3&3 |4 q
c118633859fb3674 |1 S3&3 |2 q*q
c19f85727c426f50 |1 S3&3 |3 q*q
c5ad58139f872217 |1 S3&3 |4 q*q


end-hamiltonian-section

end-operator

