
OP_DEFINE-SECTION
title
nadh_c1_s04_3s_3m_t500
end-title
end-op_define-section

PARAMETER-SECTION
c38edce2ae8f5624 = -0.11188362999999999781 , ev
c8c05e49a5a6b880 = -0.09076308499999999335 , ev
c4a40eab7a7b07e1 = -0.08828295499999999629 , ev
c0ffebec662379c3 = 3.98787907999999990949 , ev
c0e8ad715de0f7a8 = 0.22101103999999999195 , ev
cb4e26c9a4340ec0 = -0.03266216000000000258 , ev
c8995c1b22a2a56e = -0.01102237000000000008 , ev
c3ff6e92baf6fb5b = 0.11188362999999999781 , ev
cb0c3c00021c45dc = 0.09076308499999999335 , ev
cb448d1559a18a92 = 0.08828295499999999629 , ev
c5a2adc714a62e6d = -0.00367111999999999994 , ev
cb5443beaf3a2c61 = -0.01916808000000000053 , ev
c2c74751340d535a = 0.00092290999999999998 , ev
c9ba0e4c47c118ad = -0.01126710000000000038 , ev
c4800e2d44c47a08 = -0.00186301000000000001 , ev
c6e6e2f9ccccfdb6 = 0.02528638999999999887 , ev
c18b062ea94ff6fb = -0.01465617999999999956 , ev
c981fdba4034bacd = 0.01719795000000000004 , ev
c8e4d028387190b8 = -0.00367111999999999994 , ev
c90974a786e58796 = -0.01916808000000000053 , ev
ce39a5f8c2d88c4c = 0.00092290999999999998 , ev
c2be4da5eaaebd11 = -0.01126710000000000038 , ev
c94949b5405d8ff2 = -0.11188362999999999781 , ev
c2f5cc15e21e334c = -0.09076308499999999335 , ev
c618eb374fd00ad2 = -0.08828295499999999629 , ev
c2ee94423db78f12 = 4.39495210000000025019 , ev
c47bade0f312557b = 0.08972160999999999331 , ev
cc07faab071ca8b7 = 0.01179868000000000063 , ev
c4d5b84c188a72bb = -0.12413944999999999841 , ev
c392c0ff1632a8ae = 0.11188362999999999781 , ev
cd232fb32406595d = 0.09076308499999999335 , ev
c6c76e2473b0a0c2 = 0.08828295499999999629 , ev
cd6a0831a1f0574b = -0.00186301000000000001 , ev
c51bd584a8643fbb = 0.02528638999999999887 , ev
cf1445acc9e8ce94 = -0.01465617999999999956 , ev
c4b3ed8f9c17aa4e = 0.01719795000000000004 , ev
c782ea6e9ae7ce86 = -0.11188362999999999781 , ev
c086be8f4277bc63 = -0.09076308499999999335 , ev
cffd763f637833a5 = -0.08828295499999999629 , ev
c81e0bc432e9597d = 5.01425887999999986278 , ev
cbceec42d746a21e = 0.01692613000000000104 , ev
c5fa6e0ab0dfca74 = 0.24201749000000000178 , ev
c6cc220fdd27e600 = -0.15527388000000000301 , ev
c118633859fb3674 = 0.11188362999999999781 , ev
c19f85727c426f50 = 0.09076308499999999335 , ev
c5ad58139f872217 = 0.08828295499999999629 , ev


end-parameter-section

-----------------------------------------
HAMILTONIAN-SECTION
-----------------------------------------
modes | el | mode1 | mode2 | mode3 
c38edce2ae8f5624 |1 S1&1 |2 dq*dq
c8c05e49a5a6b880 |1 S1&1 |3 dq*dq
c4a40eab7a7b07e1 |1 S1&1 |4 dq*dq
c0ffebec662379c3 |1 S1&1 
c0e8ad715de0f7a8 |1 S1&1 |2 q
cb4e26c9a4340ec0 |1 S1&1 |3 q
c8995c1b22a2a56e |1 S1&1 |4 q
c3ff6e92baf6fb5b |1 S1&1 |2 q*q
cb0c3c00021c45dc |1 S1&1 |3 q*q
cb448d1559a18a92 |1 S1&1 |4 q*q
c5a2adc714a62e6d |1 Z1&2 
cb5443beaf3a2c61 |1 Z1&2 |2 q
c2c74751340d535a |1 Z1&2 |3 q
c9ba0e4c47c118ad |1 Z1&2 |4 q
c4800e2d44c47a08 |1 Z1&3 
c6e6e2f9ccccfdb6 |1 Z1&3 |2 q
c18b062ea94ff6fb |1 Z1&3 |3 q
c981fdba4034bacd |1 Z1&3 |4 q
c8e4d028387190b8 |1 Z2&1 
c90974a786e58796 |1 Z2&1 |2 q
ce39a5f8c2d88c4c |1 Z2&1 |3 q
c2be4da5eaaebd11 |1 Z2&1 |4 q
c94949b5405d8ff2 |1 S2&2 |2 dq*dq
c2f5cc15e21e334c |1 S2&2 |3 dq*dq
c618eb374fd00ad2 |1 S2&2 |4 dq*dq
c2ee94423db78f12 |1 S2&2 
c47bade0f312557b |1 S2&2 |2 q
cc07faab071ca8b7 |1 S2&2 |3 q
c4d5b84c188a72bb |1 S2&2 |4 q
c392c0ff1632a8ae |1 S2&2 |2 q*q
cd232fb32406595d |1 S2&2 |3 q*q
c6c76e2473b0a0c2 |1 S2&2 |4 q*q
cd6a0831a1f0574b |1 Z3&1 
c51bd584a8643fbb |1 Z3&1 |2 q
cf1445acc9e8ce94 |1 Z3&1 |3 q
c4b3ed8f9c17aa4e |1 Z3&1 |4 q
c782ea6e9ae7ce86 |1 S3&3 |2 dq*dq
c086be8f4277bc63 |1 S3&3 |3 dq*dq
cffd763f637833a5 |1 S3&3 |4 dq*dq
c81e0bc432e9597d |1 S3&3 
cbceec42d746a21e |1 S3&3 |2 q
c5fa6e0ab0dfca74 |1 S3&3 |3 q
c6cc220fdd27e600 |1 S3&3 |4 q
c118633859fb3674 |1 S3&3 |2 q*q
c19f85727c426f50 |1 S3&3 |3 q*q
c5ad58139f872217 |1 S3&3 |4 q*q


end-hamiltonian-section

end-operator

